[gd_scene load_steps=30 format=3 uid="uid://dyueppnsn2ao7"]

[ext_resource type="PackedScene" uid="uid://dyvr6w33b33aj" path="res://models/Characters/gltf/Knight.glb" id="1_dp28g"]
[ext_resource type="Script" uid="uid://cctp8kcp18pbe" path="res://scripts/player.gd" id="2_3i0j8"]
[ext_resource type="Script" uid="uid://c4y48f5yupw3s" path="res://scenes/see_through.gd" id="3_qxgmm"]

[sub_resource type="AnimationNodeAnimation" id="AnimationNodeAnimation_3cm67"]
animation = &"Cheer"

[sub_resource type="AnimationNodeAnimation" id="AnimationNodeAnimation_w8y5l"]
animation = &"Dodge_Forward"

[sub_resource type="AnimationNodeAnimation" id="AnimationNodeAnimation_dp28g"]
animation = &"Running_A"

[sub_resource type="AnimationNodeAnimation" id="AnimationNodeAnimation_3i0j8"]
animation = &"Idle"

[sub_resource type="AnimationNodeAnimation" id="AnimationNodeAnimation_qxgmm"]
animation = &"Running_Strafe_Right"

[sub_resource type="AnimationNodeAnimation" id="AnimationNodeAnimation_0dyjn"]
animation = &"Running_Strafe_Left"

[sub_resource type="AnimationNodeAnimation" id="AnimationNodeAnimation_5fsgc"]
animation = &"Walking_Backwards"

[sub_resource type="AnimationNodeBlendSpace2D" id="AnimationNodeBlendSpace2D_swm0g"]
blend_point_0/node = SubResource("AnimationNodeAnimation_dp28g")
blend_point_0/pos = Vector2(0, 1)
blend_point_1/node = SubResource("AnimationNodeAnimation_3i0j8")
blend_point_1/pos = Vector2(0, 0)
blend_point_2/node = SubResource("AnimationNodeAnimation_qxgmm")
blend_point_2/pos = Vector2(1, 0)
blend_point_3/node = SubResource("AnimationNodeAnimation_0dyjn")
blend_point_3/pos = Vector2(-1, 0)
blend_point_4/node = SubResource("AnimationNodeAnimation_5fsgc")
blend_point_4/pos = Vector2(0, -1)

[sub_resource type="AnimationNodeAnimation" id="AnimationNodeAnimation_swm0g"]
animation = &"Interact"

[sub_resource type="AnimationNodeAnimation" id="AnimationNodeAnimation_k2txo"]
animation = &"Jump_Idle"

[sub_resource type="AnimationNodeAnimation" id="AnimationNodeAnimation_mvyd6"]
animation = &"Jump_Land"

[sub_resource type="AnimationNodeAnimation" id="AnimationNodeAnimation_14u3r"]
animation = &"Jump_Start"

[sub_resource type="AnimationNodeStateMachineTransition" id="AnimationNodeStateMachineTransition_dp28g"]
advance_mode = 2

[sub_resource type="AnimationNodeStateMachineTransition" id="AnimationNodeStateMachineTransition_3cm67"]

[sub_resource type="AnimationNodeStateMachineTransition" id="AnimationNodeStateMachineTransition_w8y5l"]
switch_mode = 2
advance_mode = 2

[sub_resource type="AnimationNodeStateMachineTransition" id="AnimationNodeStateMachineTransition_nw3uw"]
advance_mode = 2
advance_condition = &"jumping"

[sub_resource type="AnimationNodeStateMachineTransition" id="AnimationNodeStateMachineTransition_4ok4f"]
switch_mode = 2
advance_mode = 2

[sub_resource type="AnimationNodeStateMachineTransition" id="AnimationNodeStateMachineTransition_c7bgd"]
xfade_time = 0.1

[sub_resource type="AnimationNodeStateMachineTransition" id="AnimationNodeStateMachineTransition_oi1vv"]
xfade_time = 0.1
switch_mode = 2
advance_mode = 2

[sub_resource type="AnimationNodeStateMachineTransition" id="AnimationNodeStateMachineTransition_06ia3"]
advance_mode = 2
advance_condition = &"grounded"

[sub_resource type="AnimationNodeStateMachineTransition" id="AnimationNodeStateMachineTransition_8a0iq"]

[sub_resource type="AnimationNodeStateMachineTransition" id="AnimationNodeStateMachineTransition_8ko4r"]
switch_mode = 2
advance_mode = 2

[sub_resource type="AnimationNodeStateMachineTransition" id="AnimationNodeStateMachineTransition_tpjby"]
advance_condition = &"dashing"

[sub_resource type="AnimationNodeStateMachineTransition" id="AnimationNodeStateMachineTransition_ouiji"]
xfade_time = 0.1
switch_mode = 2
advance_mode = 2

[sub_resource type="AnimationNodeStateMachine" id="AnimationNodeStateMachine_k2txo"]
states/Cheer/node = SubResource("AnimationNodeAnimation_3cm67")
states/Cheer/position = Vector2(620.333, 16)
states/Dash/node = SubResource("AnimationNodeAnimation_w8y5l")
states/Dash/position = Vector2(739, 106.667)
states/IWR/node = SubResource("AnimationNodeBlendSpace2D_swm0g")
states/IWR/position = Vector2(550.333, 107)
states/Interact/node = SubResource("AnimationNodeAnimation_swm0g")
states/Interact/position = Vector2(418, 19.3333)
states/Jump_Idle/node = SubResource("AnimationNodeAnimation_k2txo")
states/Jump_Idle/position = Vector2(560.667, 288.667)
states/Jump_Land/node = SubResource("AnimationNodeAnimation_mvyd6")
states/Jump_Land/position = Vector2(682.667, 207.55)
states/Jump_Start/node = SubResource("AnimationNodeAnimation_14u3r")
states/Jump_Start/position = Vector2(418.08, 207.624)
transitions = ["Start", "IWR", SubResource("AnimationNodeStateMachineTransition_dp28g"), "IWR", "Interact", SubResource("AnimationNodeStateMachineTransition_3cm67"), "Interact", "IWR", SubResource("AnimationNodeStateMachineTransition_w8y5l"), "IWR", "Jump_Start", SubResource("AnimationNodeStateMachineTransition_nw3uw"), "Jump_Start", "Jump_Idle", SubResource("AnimationNodeStateMachineTransition_4ok4f"), "IWR", "Jump_Idle", SubResource("AnimationNodeStateMachineTransition_c7bgd"), "Jump_Land", "IWR", SubResource("AnimationNodeStateMachineTransition_oi1vv"), "Jump_Idle", "Jump_Land", SubResource("AnimationNodeStateMachineTransition_06ia3"), "IWR", "Cheer", SubResource("AnimationNodeStateMachineTransition_8a0iq"), "Cheer", "IWR", SubResource("AnimationNodeStateMachineTransition_8ko4r"), "IWR", "Dash", SubResource("AnimationNodeStateMachineTransition_tpjby"), "Dash", "IWR", SubResource("AnimationNodeStateMachineTransition_ouiji")]
graph_offset = Vector2(179, -44)

[sub_resource type="CapsuleShape3D" id="CapsuleShape3D_qxgmm"]
height = 2.5

[node name="Knight" groups=["player"] instance=ExtResource("1_dp28g")]
collision_layer = 2
script = ExtResource("2_3i0j8")

[node name="Skeleton3D" parent="Rig" index="0"]
transform = Transform3D(-1, 0, 8.74228e-08, 0, 1, 0, -8.74228e-08, 0, -1, 0, 0, 0)
bones/0/rotation = Quaternion(-1.34764e-11, 0.000391729, 2.33417e-11, 1)
bones/1/position = Vector3(-4.19867e-26, 0.375827, 1.76105e-19)
bones/1/rotation = Quaternion(7.1627e-05, 0.0428269, -5.51598e-05, 0.999083)
bones/2/rotation = Quaternion(5.42644e-05, 0.00168749, 0.000149926, 0.999999)
bones/3/rotation = Quaternion(-1.69672e-05, -0.000122009, 6.10111e-05, 1)
bones/4/position = Vector3(0.21199, 0.134116, -3.18915e-05)
bones/4/rotation = Quaternion(-0.554855, -0.0588872, -0.63773, 0.531007)
bones/5/rotation = Quaternion(5.91698e-09, -6.11455e-08, -0.513763, 0.857932)
bones/7/rotation = Quaternion(-0.32157, -0.335689, 0.148765, 0.872797)
bones/8/position = Vector3(8.79423e-10, 0.0961252, -0.0575)
bones/8/rotation = Quaternion(0.000552166, 0.000654514, -0.704801, 0.709404)
bones/14/position = Vector3(-0.21206, 0.134119, 5.08836e-05)
bones/14/rotation = Quaternion(-0.613722, 0.0777795, 0.611217, 0.49367)
bones/15/rotation = Quaternion(3.42296e-08, 5.61086e-08, 0.536353, 0.843994)
bones/17/rotation = Quaternion(-0.31892, 0.3129, -0.230056, 0.864556)
bones/18/position = Vector3(-1.56235e-08, 0.0961251, -0.0575)
bones/18/rotation = Quaternion(0.00181677, 0.00227328, 0.704908, 0.709293)
bones/21/rotation = Quaternion(0.000208679, -0.031399, 4.5015e-05, 0.999507)
bones/24/position = Vector3(0.170945, 0.113588, -0.000118695)
bones/24/rotation = Quaternion(0.991063, 0.0825609, 0.0771479, 0.0709027)
bones/25/rotation = Quaternion(0.354746, 6.46252e-08, -2.54598e-07, 0.934963)
bones/26/rotation = Quaternion(-0.597645, -0.202062, 0.0677589, 0.772916)
bones/27/rotation = Quaternion(-1.04401e-08, 0.92012, -0.391637, 7.8476e-08)
bones/28/position = Vector3(-0.170945, 0.113588, 0.000120045)
bones/28/rotation = Quaternion(0.99328, -0.0320352, 0.0300123, 0.107091)
bones/29/rotation = Quaternion(0.398643, -6.02478e-08, 2.78518e-07, 0.917106)
bones/30/rotation = Quaternion(-0.626162, 0.112401, -0.0191253, 0.771312)
bones/31/rotation = Quaternion(3.0354e-08, 0.920355, -0.391084, -6.95359e-08)
bones/32/position = Vector3(0.170945, 0.292319, 0.575821)
bones/32/rotation = Quaternion(0.707107, -2.2931e-07, -4.60473e-08, 0.707107)
bones/33/position = Vector3(0.201946, 0.0260243, 0.202827)
bones/33/rotation = Quaternion(-0.70363, -7.08343e-08, -7.02096e-08, 0.710566)
bones/34/position = Vector3(1.93456e-08, 0.362833, -2.42861e-15)
bones/34/rotation = Quaternion(9.57592e-09, 1.75893e-09, 0.985934, -0.167138)
bones/35/position = Vector3(-2.60382e-08, 0.213436, -5.06209e-09)
bones/35/rotation = Quaternion(-1.01299e-07, 0.391084, 0.920355, -3.34691e-08)
bones/36/position = Vector3(8.48851e-09, 0.16565, -2.35952e-09)
bones/37/rotation = Quaternion(1, -2.3246e-09, 1.99739e-07, 1.39177e-12)
bones/39/position = Vector3(-0.170945, 0.292319, 0.575821)
bones/39/rotation = Quaternion(0.707107, -3.82464e-08, 1.45017e-07, 0.707107)
bones/40/position = Vector3(-0.170945, 0.026183, 0.24556)
bones/40/rotation = Quaternion(-0.707287, -7.05114e-08, -7.05479e-08, 0.706927)
bones/41/position = Vector3(1.94581e-08, 0.362833, -5.06815e-11)
bones/41/rotation = Quaternion(-5.78658e-09, 6.38444e-10, 0.994887, 0.10099)
bones/42/position = Vector3(-1.11259e-08, 0.213436, 5.25292e-11)
bones/42/rotation = Quaternion(-1.05778e-07, 0.391084, 0.920355, -2.5891e-08)
bones/43/position = Vector3(-6.20991e-09, 0.16565, 2.5098e-09)
bones/44/rotation = Quaternion(1, 3.73807e-09, 1.9488e-07, 7.39433e-09)
bones/46/position = Vector3(0.453982, 1.10493, -0.590401)
bones/46/rotation = Quaternion(-0.707107, -9.23761e-05, -9.2376e-05, 0.707107)
bones/47/position = Vector3(0.520688, 0.780505, -0.0572758)
bones/47/rotation = Quaternion(0.795495, 0.00274634, 0.605952, 0.00168722)
bones/48/position = Vector3(-0.453324, 1.10508, -0.591019)
bones/48/rotation = Quaternion(-0.707107, -9.23761e-05, -9.2376e-05, 0.707107)
bones/49/position = Vector3(-0.510864, 0.780553, 0.0607684)
bones/49/rotation = Quaternion(-0.760376, 0.00365416, 0.64947, -0.00179283)

[node name="1H_Sword_Offhand" parent="Rig/Skeleton3D" index="0"]
transform = Transform3D(-0.00141884, 0.263911, 0.964545, 0.999998, 0.000730393, 0.00127147, -0.000368608, 0.964546, -0.263912, 0.512293, 0.629178, -0.000173502)
visible = false

[node name="Badge_Shield" parent="Rig/Skeleton3D" index="1"]
transform = Transform3D(-0.00141881, 0.263911, 0.964545, 0.999998, 0.000727857, 0.00127214, -0.000365987, 0.964546, -0.263912, 0.662652, 0.629376, -0.0413135)
visible = false

[node name="Rectangle_Shield" parent="Rig/Skeleton3D" index="2"]
transform = Transform3D(-0.00141881, 0.263911, 0.964545, 0.999998, 0.000727857, 0.00127214, -0.000365987, 0.964546, -0.263912, 0.662652, 0.629376, -0.0413135)
visible = false

[node name="Round_Shield" parent="Rig/Skeleton3D" index="3"]
transform = Transform3D(-0.00141881, 0.263911, 0.964545, 0.999998, 0.000727857, 0.00127214, -0.000365987, 0.964546, -0.263912, 0.662652, 0.629376, -0.0413135)
visible = false

[node name="Spike_Shield" parent="Rig/Skeleton3D" index="4"]
transform = Transform3D(-0.00141881, 0.263911, 0.964545, 0.999998, 0.000727857, 0.00127214, -0.000365987, 0.964546, -0.263912, 0.662652, 0.629376, -0.0413135)
visible = false

[node name="1H_Sword" parent="Rig/Skeleton3D" index="5"]
transform = Transform3D(0.00329779, -0.156562, 0.987662, 0.999993, 0.00175929, -0.00306029, -0.00125811, 0.987666, 0.156567, -0.497082, 0.634004, 0.142577)
visible = false

[node name="2H_Sword" parent="Rig/Skeleton3D" index="6"]
transform = Transform3D(0.00329778, -0.156562, 0.987662, 0.999993, 0.00175928, -0.00306028, -0.00125809, 0.987666, 0.156567, -0.497082, 0.634004, 0.142577)
visible = false

[node name="Knight_Helmet" parent="Rig/Skeleton3D" index="7"]
transform = Transform3D(0.999641, -0.000362849, 0.0267831, 0.000380712, 1, -0.000661874, -0.0267829, 0.000671834, 0.999641, -0.000112551, 1.18605, 0.000178762)

[node name="Knight_Cape" parent="Rig/Skeleton3D" index="8"]
transform = Transform3D(0.995989, -0.000297244, 0.0894746, 0.000318415, 1, -0.000222349, -0.0894746, 0.000249947, 0.995989, -0.000114713, 1.18605, 0.000189516)

[node name="AnimationTree" type="AnimationTree" parent="." index="2"]
tree_root = SubResource("AnimationNodeStateMachine_k2txo")
anim_player = NodePath("../AnimationPlayer")
parameters/conditions/dashing = false
parameters/conditions/grounded = false
parameters/conditions/jumping = false
parameters/IWR/blend_position = Vector2(-0.000747919, -0.00680268)

[node name="CollisionShape3D" type="CollisionShape3D" parent="." index="3"]
transform = Transform3D(1, 0, 0, 0, 1, 0, 0, 0, 1, 0, 1.2, 0)
shape = SubResource("CapsuleShape3D_qxgmm")

[node name="SpringArm3D" type="SpringArm3D" parent="." index="4"]
transform = Transform3D(1, 0, 0, 0, 1, 0, 0, 0, 1, 0, 2.6, 0)
collision_mask = 8
spring_length = 7.0
margin = 0.1

[node name="Camera3D" type="Camera3D" parent="SpringArm3D" index="0"]
transform = Transform3D(1, 0, 0, 0, 1, 0, 0, 0, 1, 0, 1.914, 4.004)
script = ExtResource("3_qxgmm")

[node name="RayCast3D" type="RayCast3D" parent="SpringArm3D/Camera3D" index="0"]
exclude_parent = false
