[gd_scene load_steps=30 format=3 uid="uid://dyueppnsn2ao7"]

[ext_resource type="PackedScene" uid="uid://dyvr6w33b33aj" path="res://models/Characters/gltf/Knight.glb" id="1_dp28g"]
[ext_resource type="Script" uid="uid://cctp8kcp18pbe" path="res://scripts/player.gd" id="2_3i0j8"]
[ext_resource type="Script" uid="uid://c4y48f5yupw3s" path="res://scenes/see_through.gd" id="3_qxgmm"]

[sub_resource type="AnimationNodeAnimation" id="AnimationNodeAnimation_3cm67"]
animation = &"Cheer"

[sub_resource type="AnimationNodeAnimation" id="AnimationNodeAnimation_w8y5l"]
animation = &"Dodge_Forward"

[sub_resource type="AnimationNodeAnimation" id="AnimationNodeAnimation_dp28g"]
animation = &"Running_A"

[sub_resource type="AnimationNodeAnimation" id="AnimationNodeAnimation_3i0j8"]
animation = &"Idle"

[sub_resource type="AnimationNodeAnimation" id="AnimationNodeAnimation_qxgmm"]
animation = &"Running_Strafe_Right"

[sub_resource type="AnimationNodeAnimation" id="AnimationNodeAnimation_0dyjn"]
animation = &"Running_Strafe_Left"

[sub_resource type="AnimationNodeAnimation" id="AnimationNodeAnimation_5fsgc"]
animation = &"Walking_Backwards"

[sub_resource type="AnimationNodeBlendSpace2D" id="AnimationNodeBlendSpace2D_swm0g"]
blend_point_0/node = SubResource("AnimationNodeAnimation_dp28g")
blend_point_0/pos = Vector2(0, 1)
blend_point_1/node = SubResource("AnimationNodeAnimation_3i0j8")
blend_point_1/pos = Vector2(0, 0)
blend_point_2/node = SubResource("AnimationNodeAnimation_qxgmm")
blend_point_2/pos = Vector2(1, 0)
blend_point_3/node = SubResource("AnimationNodeAnimation_0dyjn")
blend_point_3/pos = Vector2(-1, 0)
blend_point_4/node = SubResource("AnimationNodeAnimation_5fsgc")
blend_point_4/pos = Vector2(0, -1)

[sub_resource type="AnimationNodeAnimation" id="AnimationNodeAnimation_swm0g"]
animation = &"Interact"

[sub_resource type="AnimationNodeAnimation" id="AnimationNodeAnimation_k2txo"]
animation = &"Jump_Idle"

[sub_resource type="AnimationNodeAnimation" id="AnimationNodeAnimation_mvyd6"]
animation = &"Jump_Land"

[sub_resource type="AnimationNodeAnimation" id="AnimationNodeAnimation_14u3r"]
animation = &"Jump_Start"

[sub_resource type="AnimationNodeStateMachineTransition" id="AnimationNodeStateMachineTransition_dp28g"]
advance_mode = 2

[sub_resource type="AnimationNodeStateMachineTransition" id="AnimationNodeStateMachineTransition_3cm67"]

[sub_resource type="AnimationNodeStateMachineTransition" id="AnimationNodeStateMachineTransition_w8y5l"]
switch_mode = 2
advance_mode = 2

[sub_resource type="AnimationNodeStateMachineTransition" id="AnimationNodeStateMachineTransition_nw3uw"]
advance_mode = 2
advance_condition = &"jumping"

[sub_resource type="AnimationNodeStateMachineTransition" id="AnimationNodeStateMachineTransition_4ok4f"]
switch_mode = 2
advance_mode = 2

[sub_resource type="AnimationNodeStateMachineTransition" id="AnimationNodeStateMachineTransition_c7bgd"]
xfade_time = 0.1

[sub_resource type="AnimationNodeStateMachineTransition" id="AnimationNodeStateMachineTransition_oi1vv"]
xfade_time = 0.1
switch_mode = 2
advance_mode = 2

[sub_resource type="AnimationNodeStateMachineTransition" id="AnimationNodeStateMachineTransition_06ia3"]
advance_mode = 2
advance_condition = &"grounded"

[sub_resource type="AnimationNodeStateMachineTransition" id="AnimationNodeStateMachineTransition_8a0iq"]

[sub_resource type="AnimationNodeStateMachineTransition" id="AnimationNodeStateMachineTransition_8ko4r"]
switch_mode = 2
advance_mode = 2

[sub_resource type="AnimationNodeStateMachineTransition" id="AnimationNodeStateMachineTransition_tpjby"]
advance_condition = &"dashing"

[sub_resource type="AnimationNodeStateMachineTransition" id="AnimationNodeStateMachineTransition_ouiji"]
xfade_time = 0.1
switch_mode = 2
advance_mode = 2

[sub_resource type="AnimationNodeStateMachine" id="AnimationNodeStateMachine_k2txo"]
states/Cheer/node = SubResource("AnimationNodeAnimation_3cm67")
states/Cheer/position = Vector2(620.333, 16)
states/Dash/node = SubResource("AnimationNodeAnimation_w8y5l")
states/Dash/position = Vector2(739, 106.667)
states/IWR/node = SubResource("AnimationNodeBlendSpace2D_swm0g")
states/IWR/position = Vector2(550.333, 107)
states/Interact/node = SubResource("AnimationNodeAnimation_swm0g")
states/Interact/position = Vector2(418, 19.3333)
states/Jump_Idle/node = SubResource("AnimationNodeAnimation_k2txo")
states/Jump_Idle/position = Vector2(560.667, 288.667)
states/Jump_Land/node = SubResource("AnimationNodeAnimation_mvyd6")
states/Jump_Land/position = Vector2(682.667, 207.55)
states/Jump_Start/node = SubResource("AnimationNodeAnimation_14u3r")
states/Jump_Start/position = Vector2(418.08, 207.624)
transitions = ["Start", "IWR", SubResource("AnimationNodeStateMachineTransition_dp28g"), "IWR", "Interact", SubResource("AnimationNodeStateMachineTransition_3cm67"), "Interact", "IWR", SubResource("AnimationNodeStateMachineTransition_w8y5l"), "IWR", "Jump_Start", SubResource("AnimationNodeStateMachineTransition_nw3uw"), "Jump_Start", "Jump_Idle", SubResource("AnimationNodeStateMachineTransition_4ok4f"), "IWR", "Jump_Idle", SubResource("AnimationNodeStateMachineTransition_c7bgd"), "Jump_Land", "IWR", SubResource("AnimationNodeStateMachineTransition_oi1vv"), "Jump_Idle", "Jump_Land", SubResource("AnimationNodeStateMachineTransition_06ia3"), "IWR", "Cheer", SubResource("AnimationNodeStateMachineTransition_8a0iq"), "Cheer", "IWR", SubResource("AnimationNodeStateMachineTransition_8ko4r"), "IWR", "Dash", SubResource("AnimationNodeStateMachineTransition_tpjby"), "Dash", "IWR", SubResource("AnimationNodeStateMachineTransition_ouiji")]
graph_offset = Vector2(179, -44)

[sub_resource type="CapsuleShape3D" id="CapsuleShape3D_qxgmm"]
height = 2.5

[node name="Knight" groups=["player"] instance=ExtResource("1_dp28g")]
collision_layer = 2
script = ExtResource("2_3i0j8")

[node name="Skeleton3D" parent="Rig" index="0"]
transform = Transform3D(-1, 0, 8.74228e-08, 0, 1, 0, -8.74228e-08, 0, -1, 0, 0, 0)
bones/0/rotation = Quaternion(-1.34764e-11, 0.000391729, 2.33417e-11, 1)
bones/1/position = Vector3(2.96331e-20, 0.390351, 7.93747e-19)
bones/1/rotation = Quaternion(7.46687e-05, 0.0428267, -5.52758e-05, 0.999083)
bones/2/rotation = Quaternion(5.17055e-05, 0.00179629, 0.000145358, 0.999998)
bones/3/rotation = Quaternion(4.09972e-05, -0.000116134, 0.000328334, 1)
bones/4/position = Vector3(0.211999, 0.134121, -3.42987e-05)
bones/4/rotation = Quaternion(-0.559923, -0.0616338, -0.642989, 0.518896)
bones/5/rotation = Quaternion(2.56117e-08, -4.19149e-08, -0.497197, 0.867638)
bones/7/rotation = Quaternion(-0.321367, -0.32643, 0.144377, 0.87711)
bones/8/position = Vector3(8.79423e-10, 0.0961252, -0.0575)
bones/8/rotation = Quaternion(6.7686e-05, 0.000151391, -0.706586, 0.707627)
bones/14/position = Vector3(-0.212002, 0.134119, -2.56307e-05)
bones/14/rotation = Quaternion(-0.618607, 0.0814298, 0.615488, 0.481528)
bones/15/rotation = Quaternion(3.28754e-08, 5.10195e-08, 0.520686, 0.853748)
bones/17/rotation = Quaternion(-0.317536, 0.303464, -0.226369, 0.869389)
bones/18/position = Vector3(-1.56235e-08, 0.0961251, -0.0575)
bones/18/rotation = Quaternion(0.000204775, 0.000391973, 0.706574, 0.707639)
bones/21/rotation = Quaternion(0.000198284, -0.0311606, 5.65342e-05, 0.999514)
bones/24/position = Vector3(0.170945, 0.113587, 0.000176254)
bones/24/rotation = Quaternion(0.993595, 0.0826408, 0.0738244, 0.0221476)
bones/25/rotation = Quaternion(0.219786, 6.55702e-08, -1.46237e-07, 0.975548)
bones/26/rotation = Quaternion(-0.528687, -0.207473, 0.0458495, 0.821793)
bones/27/rotation = Quaternion(-9.885e-09, 0.920269, -0.391286, 7.82466e-08)
bones/28/position = Vector3(-0.170945, 0.113407, -0.000176477)
bones/28/rotation = Quaternion(0.997125, -0.0294502, 0.0312031, 0.0624553)
bones/29/rotation = Quaternion(0.287797, -6.40617e-08, 2.00089e-07, 0.957691)
bones/30/rotation = Quaternion(-0.567022, 0.113554, -0.00957981, 0.815782)
bones/31/rotation = Quaternion(3.08331e-08, 0.919671, -0.39269, -6.98246e-08)
bones/32/position = Vector3(0.170945, 0.292372, 0.575874)
bones/32/rotation = Quaternion(0.707107, -2.2931e-07, -4.60473e-08, 0.707107)
bones/33/position = Vector3(0.201946, 0.0266482, 0.206445)
bones/33/rotation = Quaternion(-0.706956, -7.05233e-08, -7.05319e-08, 0.707258)
bones/34/position = Vector3(1.93456e-08, 0.362833, -2.42861e-15)
bones/34/rotation = Quaternion(9.57592e-09, 1.75893e-09, 0.985934, -0.167138)
bones/35/position = Vector3(-2.60382e-08, 0.213436, -5.06209e-09)
bones/35/rotation = Quaternion(-1.01299e-07, 0.391084, 0.920355, -3.34691e-08)
bones/36/position = Vector3(8.48851e-09, 0.16565, -2.35952e-09)
bones/37/rotation = Quaternion(1, -2.3246e-09, 1.99739e-07, 1.39177e-12)
bones/39/position = Vector3(-0.170945, 0.292372, 0.575874)
bones/39/rotation = Quaternion(0.707107, -3.82464e-08, 1.45017e-07, 0.707107)
bones/40/position = Vector3(-0.170945, 0.0255555, 0.243694)
bones/40/rotation = Quaternion(-0.706253, -7.063e-08, -7.04251e-08, 0.70796)
bones/41/position = Vector3(1.94581e-08, 0.362833, -5.06815e-11)
bones/41/rotation = Quaternion(-5.78658e-09, 6.38444e-10, 0.994887, 0.10099)
bones/42/position = Vector3(-1.11259e-08, 0.213436, 5.25292e-11)
bones/42/rotation = Quaternion(-1.05778e-07, 0.391084, 0.920355, -2.5891e-08)
bones/43/position = Vector3(-6.20991e-09, 0.16565, 2.5098e-09)
bones/44/rotation = Quaternion(1, 3.73807e-09, 1.9488e-07, 7.39433e-09)
bones/46/position = Vector3(0.453982, 1.10493, -0.590401)
bones/46/rotation = Quaternion(-0.707107, -9.23761e-05, -9.2376e-05, 0.707107)
bones/47/position = Vector3(0.520688, 0.787853, -0.0579518)
bones/47/rotation = Quaternion(0.795171, 0.00223723, 0.606379, 0.0014627)
bones/48/position = Vector3(-0.453324, 1.10508, -0.591019)
bones/48/rotation = Quaternion(-0.707107, -9.23761e-05, -9.2376e-05, 0.707107)
bones/49/position = Vector3(-0.510864, 0.788062, 0.0612692)
bones/49/rotation = Quaternion(-0.760495, 0.00385763, 0.649329, -0.00184215)

[node name="1H_Sword_Offhand" parent="Rig/Skeleton3D" index="0"]
transform = Transform3D(-0.0011298, 0.264083, 0.964499, 0.999987, 0.00490397, -0.000171064, -0.00477483, 0.964487, -0.264086, 0.512691, 0.636875, -0.00203968)
visible = false

[node name="Badge_Shield" parent="Rig/Skeleton3D" index="1"]
transform = Transform3D(-0.00112977, 0.264083, 0.964499, 0.999987, 0.00490143, -0.000170395, -0.0047722, 0.964487, -0.264085, 0.663042, 0.636848, -0.0432068)
visible = false

[node name="Rectangle_Shield" parent="Rig/Skeleton3D" index="2"]
transform = Transform3D(-0.00112977, 0.264083, 0.964499, 0.999987, 0.00490143, -0.000170395, -0.0047722, 0.964487, -0.264085, 0.663042, 0.636848, -0.0432068)
visible = false

[node name="Round_Shield" parent="Rig/Skeleton3D" index="3"]
transform = Transform3D(-0.00112977, 0.264083, 0.964499, 0.999987, 0.00490143, -0.000170395, -0.0047722, 0.964487, -0.264085, 0.663042, 0.636848, -0.0432068)
visible = false

[node name="Spike_Shield" parent="Rig/Skeleton3D" index="4"]
transform = Transform3D(-0.00112977, 0.264083, 0.964499, 0.999987, 0.00490143, -0.000170395, -0.0047722, 0.964487, -0.264085, 0.663042, 0.636848, -0.0432068)
visible = false

[node name="1H_Sword" parent="Rig/Skeleton3D" index="5"]
transform = Transform3D(0.00522641, -0.151442, 0.988452, 0.999969, 0.00642888, -0.00430264, -0.00570262, 0.988444, 0.151471, -0.497558, 0.641418, 0.142349)
visible = false

[node name="2H_Sword" parent="Rig/Skeleton3D" index="6"]
transform = Transform3D(0.0052264, -0.151442, 0.988452, 0.999969, 0.00642886, -0.00430263, -0.00570261, 0.988444, 0.151471, -0.497558, 0.641418, 0.142349)
visible = false

[node name="Knight_Helmet" parent="Rig/Skeleton3D" index="7"]
transform = Transform3D(0.999622, -0.000899785, 0.0274889, 0.000921881, 0.999999, -0.000791123, -0.0274882, 0.000816165, 0.999622, -0.00023318, 1.20058, 0.000220317)

[node name="Knight_Cape" parent="Rig/Skeleton3D" index="8"]
transform = Transform3D(0.995968, -0.00081016, 0.0897027, 0.000844, 1, -0.00033931, -0.0897024, 0.000413651, 0.995969, -0.000235955, 1.20058, 0.000230577)

[node name="AnimationTree" type="AnimationTree" parent="." index="2"]
tree_root = SubResource("AnimationNodeStateMachine_k2txo")
anim_player = NodePath("../AnimationPlayer")
parameters/conditions/dashing = false
parameters/conditions/grounded = false
parameters/conditions/jumping = false
parameters/IWR/blend_position = Vector2(-0.000747919, -0.00680268)

[node name="CollisionShape3D" type="CollisionShape3D" parent="." index="3"]
transform = Transform3D(1, 0, 0, 0, 1, 0, 0, 0, 1, 0, 1.2, 0)
shape = SubResource("CapsuleShape3D_qxgmm")

[node name="SpringArm3D" type="SpringArm3D" parent="." index="4"]
transform = Transform3D(1, 0, 0, 0, 1, 0, 0, 0, 1, 0, 2.6, 0)
collision_mask = 8
spring_length = 7.0
margin = 0.1

[node name="Camera3D" type="Camera3D" parent="SpringArm3D" index="0"]
transform = Transform3D(1, 0, 0, 0, 1, 0, 0, 0, 1, 0, 1.914, 4.004)
script = ExtResource("3_qxgmm")

[node name="RayCast3D" type="RayCast3D" parent="SpringArm3D/Camera3D" index="0"]
exclude_parent = false
