[gd_scene load_steps=29 format=3 uid="uid://dyueppnsn2ao7"]

[ext_resource type="PackedScene" uid="uid://dyvr6w33b33aj" path="res://models/Characters/gltf/Knight.glb" id="1_dp28g"]
[ext_resource type="Script" uid="uid://cctp8kcp18pbe" path="res://scripts/player.gd" id="2_3i0j8"]

[sub_resource type="AnimationNodeAnimation" id="AnimationNodeAnimation_3cm67"]
animation = &"Cheer"

[sub_resource type="AnimationNodeAnimation" id="AnimationNodeAnimation_w8y5l"]
animation = &"Dodge_Forward"

[sub_resource type="AnimationNodeAnimation" id="AnimationNodeAnimation_dp28g"]
animation = &"Running_A"

[sub_resource type="AnimationNodeAnimation" id="AnimationNodeAnimation_3i0j8"]
animation = &"Idle"

[sub_resource type="AnimationNodeAnimation" id="AnimationNodeAnimation_qxgmm"]
animation = &"Running_Strafe_Right"

[sub_resource type="AnimationNodeAnimation" id="AnimationNodeAnimation_0dyjn"]
animation = &"Running_Strafe_Left"

[sub_resource type="AnimationNodeAnimation" id="AnimationNodeAnimation_5fsgc"]
animation = &"Walking_Backwards"

[sub_resource type="AnimationNodeBlendSpace2D" id="AnimationNodeBlendSpace2D_swm0g"]
blend_point_0/node = SubResource("AnimationNodeAnimation_dp28g")
blend_point_0/pos = Vector2(0, 1)
blend_point_1/node = SubResource("AnimationNodeAnimation_3i0j8")
blend_point_1/pos = Vector2(0, 0)
blend_point_2/node = SubResource("AnimationNodeAnimation_qxgmm")
blend_point_2/pos = Vector2(1, 0)
blend_point_3/node = SubResource("AnimationNodeAnimation_0dyjn")
blend_point_3/pos = Vector2(-1, 0)
blend_point_4/node = SubResource("AnimationNodeAnimation_5fsgc")
blend_point_4/pos = Vector2(0, -1)

[sub_resource type="AnimationNodeAnimation" id="AnimationNodeAnimation_swm0g"]
animation = &"Interact"

[sub_resource type="AnimationNodeAnimation" id="AnimationNodeAnimation_k2txo"]
animation = &"Jump_Idle"

[sub_resource type="AnimationNodeAnimation" id="AnimationNodeAnimation_mvyd6"]
animation = &"Jump_Land"

[sub_resource type="AnimationNodeAnimation" id="AnimationNodeAnimation_14u3r"]
animation = &"Jump_Start"

[sub_resource type="AnimationNodeStateMachineTransition" id="AnimationNodeStateMachineTransition_dp28g"]
advance_mode = 2

[sub_resource type="AnimationNodeStateMachineTransition" id="AnimationNodeStateMachineTransition_3cm67"]

[sub_resource type="AnimationNodeStateMachineTransition" id="AnimationNodeStateMachineTransition_w8y5l"]
switch_mode = 2
advance_mode = 2

[sub_resource type="AnimationNodeStateMachineTransition" id="AnimationNodeStateMachineTransition_nw3uw"]
advance_mode = 2
advance_condition = &"jumping"

[sub_resource type="AnimationNodeStateMachineTransition" id="AnimationNodeStateMachineTransition_4ok4f"]
switch_mode = 2
advance_mode = 2

[sub_resource type="AnimationNodeStateMachineTransition" id="AnimationNodeStateMachineTransition_c7bgd"]
xfade_time = 0.1

[sub_resource type="AnimationNodeStateMachineTransition" id="AnimationNodeStateMachineTransition_oi1vv"]
xfade_time = 0.1
switch_mode = 2
advance_mode = 2

[sub_resource type="AnimationNodeStateMachineTransition" id="AnimationNodeStateMachineTransition_06ia3"]
advance_mode = 2
advance_condition = &"grounded"

[sub_resource type="AnimationNodeStateMachineTransition" id="AnimationNodeStateMachineTransition_8a0iq"]

[sub_resource type="AnimationNodeStateMachineTransition" id="AnimationNodeStateMachineTransition_8ko4r"]
switch_mode = 2
advance_mode = 2

[sub_resource type="AnimationNodeStateMachineTransition" id="AnimationNodeStateMachineTransition_tpjby"]
advance_condition = &"dashing"

[sub_resource type="AnimationNodeStateMachineTransition" id="AnimationNodeStateMachineTransition_ouiji"]
xfade_time = 0.1
switch_mode = 2
advance_mode = 2

[sub_resource type="AnimationNodeStateMachine" id="AnimationNodeStateMachine_k2txo"]
states/Cheer/node = SubResource("AnimationNodeAnimation_3cm67")
states/Cheer/position = Vector2(620.333, 16)
states/Dash/node = SubResource("AnimationNodeAnimation_w8y5l")
states/Dash/position = Vector2(739, 106.667)
states/IWR/node = SubResource("AnimationNodeBlendSpace2D_swm0g")
states/IWR/position = Vector2(550.333, 107)
states/Interact/node = SubResource("AnimationNodeAnimation_swm0g")
states/Interact/position = Vector2(418, 19.3333)
states/Jump_Idle/node = SubResource("AnimationNodeAnimation_k2txo")
states/Jump_Idle/position = Vector2(560.667, 288.667)
states/Jump_Land/node = SubResource("AnimationNodeAnimation_mvyd6")
states/Jump_Land/position = Vector2(682.667, 207.55)
states/Jump_Start/node = SubResource("AnimationNodeAnimation_14u3r")
states/Jump_Start/position = Vector2(418.08, 207.624)
transitions = ["Start", "IWR", SubResource("AnimationNodeStateMachineTransition_dp28g"), "IWR", "Interact", SubResource("AnimationNodeStateMachineTransition_3cm67"), "Interact", "IWR", SubResource("AnimationNodeStateMachineTransition_w8y5l"), "IWR", "Jump_Start", SubResource("AnimationNodeStateMachineTransition_nw3uw"), "Jump_Start", "Jump_Idle", SubResource("AnimationNodeStateMachineTransition_4ok4f"), "IWR", "Jump_Idle", SubResource("AnimationNodeStateMachineTransition_c7bgd"), "Jump_Land", "IWR", SubResource("AnimationNodeStateMachineTransition_oi1vv"), "Jump_Idle", "Jump_Land", SubResource("AnimationNodeStateMachineTransition_06ia3"), "IWR", "Cheer", SubResource("AnimationNodeStateMachineTransition_8a0iq"), "Cheer", "IWR", SubResource("AnimationNodeStateMachineTransition_8ko4r"), "IWR", "Dash", SubResource("AnimationNodeStateMachineTransition_tpjby"), "Dash", "IWR", SubResource("AnimationNodeStateMachineTransition_ouiji")]
graph_offset = Vector2(179, -44)

[sub_resource type="CapsuleShape3D" id="CapsuleShape3D_qxgmm"]
height = 2.5

[node name="Knight" groups=["player"] instance=ExtResource("1_dp28g")]
collision_layer = 2
script = ExtResource("2_3i0j8")

[node name="Skeleton3D" parent="Rig" index="0"]
transform = Transform3D(-1, 0, 8.74228e-08, 0, 1, 0, -8.74228e-08, 0, -1, 0, 0, 0)
bones/0/rotation = Quaternion(-1.34764e-11, 0.000391729, 2.33417e-11, 1)
bones/1/position = Vector3(-1.32857e-18, 0.380655, -3.16756e-25)
bones/1/rotation = Quaternion(6.93828e-05, 0.0428271, -5.50738e-05, 0.999083)
bones/2/rotation = Quaternion(4.89908e-05, 0.00187829, 0.000138852, 0.999998)
bones/3/rotation = Quaternion(-1.18845e-05, -0.000116329, 0.000166527, 1)
bones/4/position = Vector3(0.212007, 0.134125, -3.65929e-05)
bones/4/rotation = Quaternion(-0.553119, -0.0648169, -0.657838, 0.507058)
bones/5/rotation = Quaternion(2.33437e-08, -4.20228e-08, -0.47404, 0.880503)
bones/7/rotation = Quaternion(-0.316382, -0.328524, 0.131683, 0.880133)
bones/8/position = Vector3(8.79423e-10, 0.0961252, -0.0575)
bones/8/rotation = Quaternion(0.00159796, 0.0016668, -0.700943, 0.713213)
bones/14/position = Vector3(-0.212027, 0.134112, 3.01789e-05)
bones/14/rotation = Quaternion(-0.613212, 0.0836292, 0.628395, 0.471272)
bones/15/rotation = Quaternion(-2.69273e-09, 5.11151e-08, 0.498498, 0.866891)
bones/17/rotation = Quaternion(-0.313396, 0.303948, -0.212753, 0.874148)
bones/18/position = Vector3(-1.56235e-08, 0.0961251, -0.0575)
bones/18/rotation = Quaternion(0.00409467, 0.00499103, 0.702503, 0.711651)
bones/21/rotation = Quaternion(0.000193873, -0.031466, 5.71418e-05, 0.999505)
bones/24/position = Vector3(0.170945, 0.113587, 7.9502e-05)
bones/24/rotation = Quaternion(0.992152, 0.0825981, 0.0760629, 0.0550073)
bones/25/rotation = Quaternion(0.311534, 6.26124e-08, -2.13702e-07, 0.950235)
bones/26/rotation = Quaternion(-0.578677, -0.20377, 0.0615827, 0.787286)
bones/27/rotation = Quaternion(-9.90664e-09, 0.920355, -0.391084, 7.82478e-08)
bones/28/position = Vector3(-0.170945, 0.113587, -7.91304e-05)
bones/28/rotation = Quaternion(0.994254, -0.0313594, 0.0302377, 0.0977874)
bones/29/rotation = Quaternion(0.371803, -6.11665e-08, 2.59253e-07, 0.928312)
bones/30/rotation = Quaternion(-0.607341, 0.112761, -0.0165581, 0.786224)
bones/31/rotation = Quaternion(3.09262e-08, 0.919979, -0.391967, -6.98101e-08)
bones/32/position = Vector3(0.170945, 0.292311, 0.575813)
bones/32/rotation = Quaternion(0.707107, -2.2931e-07, -4.60473e-08, 0.707107)
bones/33/position = Vector3(0.201946, 0.0261885, 0.205032)
bones/33/rotation = Quaternion(-0.707337, -7.05033e-08, -7.05548e-08, 0.706877)
bones/34/position = Vector3(1.93456e-08, 0.362833, -2.42861e-15)
bones/34/rotation = Quaternion(9.57592e-09, 1.75893e-09, 0.985934, -0.167138)
bones/35/position = Vector3(-2.60382e-08, 0.213436, -5.06209e-09)
bones/35/rotation = Quaternion(-1.01299e-07, 0.391084, 0.920355, -3.34691e-08)
bones/36/position = Vector3(8.48851e-09, 0.16565, -2.35952e-09)
bones/37/rotation = Quaternion(1, -2.3246e-09, 1.99739e-07, 1.39177e-12)
bones/39/position = Vector3(-0.170945, 0.292311, 0.575813)
bones/39/rotation = Quaternion(0.707107, -3.82464e-08, 1.45017e-07, 0.707107)
bones/40/position = Vector3(-0.170945, 0.0260709, 0.244113)
bones/40/rotation = Quaternion(-0.704067, -7.08748e-08, -7.01866e-08, 0.710133)
bones/41/position = Vector3(1.94581e-08, 0.362833, -5.06815e-11)
bones/41/rotation = Quaternion(-5.78658e-09, 6.38444e-10, 0.994887, 0.10099)
bones/42/position = Vector3(-1.11259e-08, 0.213436, 5.25292e-11)
bones/42/rotation = Quaternion(-1.05778e-07, 0.391084, 0.920355, -2.5891e-08)
bones/43/position = Vector3(-6.20991e-09, 0.16565, 2.5098e-09)
bones/44/rotation = Quaternion(1, 3.73807e-09, 1.9488e-07, 7.39433e-09)
bones/46/position = Vector3(0.453982, 1.10493, -0.590401)
bones/46/rotation = Quaternion(-0.707107, -9.23761e-05, -9.2376e-05, 0.707107)
bones/47/position = Vector3(0.520688, 0.769145, -0.0574934)
bones/47/rotation = Quaternion(0.795391, 0.00257983, 0.606089, 0.00161869)
bones/48/position = Vector3(-0.453324, 1.10508, -0.591019)
bones/48/rotation = Quaternion(-0.707107, -9.23761e-05, -9.2376e-05, 0.707107)
bones/49/position = Vector3(-0.510864, 0.769245, 0.0609296)
bones/49/rotation = Quaternion(-0.760415, 0.00371934, 0.649425, -0.00180925)

[node name="1H_Sword_Offhand" parent="Rig/Skeleton3D" index="0"]
transform = Transform3D(-0.00101484, 0.263794, 0.964578, 0.999938, -0.0103607, 0.0038859, 0.0110191, 0.964523, -0.263767, 0.512089, 0.616393, -0.00312554)
visible = false

[node name="Badge_Shield" parent="Rig/Skeleton3D" index="1"]
transform = Transform3D(-0.00101482, 0.263794, 0.964578, 0.999938, -0.0103633, 0.00388656, 0.0110217, 0.964523, -0.263767, 0.662453, 0.616999, -0.044243)
visible = false

[node name="Rectangle_Shield" parent="Rig/Skeleton3D" index="2"]
transform = Transform3D(-0.00101482, 0.263794, 0.964578, 0.999938, -0.0103633, 0.00388656, 0.0110217, 0.964523, -0.263767, 0.662453, 0.616999, -0.044243)
visible = false

[node name="Round_Shield" parent="Rig/Skeleton3D" index="3"]
transform = Transform3D(-0.00101482, 0.263794, 0.964578, 0.999938, -0.0103633, 0.00388656, 0.0110217, 0.964523, -0.263767, 0.662453, 0.616999, -0.044243)
visible = false

[node name="Spike_Shield" parent="Rig/Skeleton3D" index="4"]
transform = Transform3D(-0.00101482, 0.263794, 0.964578, 0.999938, -0.0103633, 0.00388656, 0.0110217, 0.964523, -0.263767, 0.662453, 0.616999, -0.044243)
visible = false

[node name="1H_Sword" parent="Rig/Skeleton3D" index="5"]
transform = Transform3D(0.00164188, -0.163399, 0.986558, 0.999983, -0.00504737, -0.00250051, 0.00538836, 0.986547, 0.163388, -0.497785, 0.620763, 0.140012)
visible = false

[node name="2H_Sword" parent="Rig/Skeleton3D" index="6"]
transform = Transform3D(0.00164186, -0.163399, 0.986558, 0.999983, -0.00504738, -0.00250049, 0.00538838, 0.986547, 0.163388, -0.497785, 0.620763, 0.140012)
visible = false

[node name="Knight_Helmet" parent="Rig/Skeleton3D" index="7"]
transform = Transform3D(0.999634, -0.000577136, 0.0270423, 0.000594664, 1, -0.000640146, -0.0270419, 0.000655993, 0.999634, -0.000150017, 1.19088, 0.000175277)

[node name="Knight_Cape" parent="Rig/Skeleton3D" index="8"]
transform = Transform3D(0.995954, -0.000485725, 0.0898663, 0.000507325, 1, -0.000217516, -0.0898662, 0.000262227, 0.995954, -0.000152838, 1.19088, 0.000185313)

[node name="AnimationTree" type="AnimationTree" parent="." index="2"]
tree_root = SubResource("AnimationNodeStateMachine_k2txo")
anim_player = NodePath("../AnimationPlayer")
parameters/conditions/dashing = false
parameters/conditions/grounded = false
parameters/conditions/jumping = false
parameters/IWR/blend_position = Vector2(-0.000747919, -0.00680268)

[node name="CollisionShape3D" type="CollisionShape3D" parent="." index="3"]
transform = Transform3D(1, 0, 0, 0, 1, 0, 0, 0, 1, 0, 1.2, 0)
shape = SubResource("CapsuleShape3D_qxgmm")

[node name="SpringArm3D" type="SpringArm3D" parent="." index="4"]
transform = Transform3D(1, 0, 0, 0, 1, 0, 0, 0, 1, 0, 2.6, 0)
spring_length = 5.0
margin = 0.1

[node name="Camera3D" type="Camera3D" parent="SpringArm3D" index="0"]
