[gd_scene load_steps=29 format=3 uid="uid://dyueppnsn2ao7"]

[ext_resource type="PackedScene" uid="uid://dyvr6w33b33aj" path="res://models/Characters/gltf/Knight.glb" id="1_dp28g"]
[ext_resource type="Script" uid="uid://cctp8kcp18pbe" path="res://scripts/player.gd" id="2_3i0j8"]

[sub_resource type="AnimationNodeAnimation" id="AnimationNodeAnimation_3cm67"]
animation = &"Cheer"

[sub_resource type="AnimationNodeAnimation" id="AnimationNodeAnimation_w8y5l"]
animation = &"Dodge_Forward"

[sub_resource type="AnimationNodeAnimation" id="AnimationNodeAnimation_dp28g"]
animation = &"Running_A"

[sub_resource type="AnimationNodeAnimation" id="AnimationNodeAnimation_3i0j8"]
animation = &"Idle"

[sub_resource type="AnimationNodeAnimation" id="AnimationNodeAnimation_qxgmm"]
animation = &"Running_Strafe_Right"

[sub_resource type="AnimationNodeAnimation" id="AnimationNodeAnimation_0dyjn"]
animation = &"Running_Strafe_Left"

[sub_resource type="AnimationNodeAnimation" id="AnimationNodeAnimation_5fsgc"]
animation = &"Walking_Backwards"

[sub_resource type="AnimationNodeBlendSpace2D" id="AnimationNodeBlendSpace2D_swm0g"]
blend_point_0/node = SubResource("AnimationNodeAnimation_dp28g")
blend_point_0/pos = Vector2(0, 1)
blend_point_1/node = SubResource("AnimationNodeAnimation_3i0j8")
blend_point_1/pos = Vector2(0, 0)
blend_point_2/node = SubResource("AnimationNodeAnimation_qxgmm")
blend_point_2/pos = Vector2(1, 0)
blend_point_3/node = SubResource("AnimationNodeAnimation_0dyjn")
blend_point_3/pos = Vector2(-1, 0)
blend_point_4/node = SubResource("AnimationNodeAnimation_5fsgc")
blend_point_4/pos = Vector2(0, -1)

[sub_resource type="AnimationNodeAnimation" id="AnimationNodeAnimation_swm0g"]
animation = &"Interact"

[sub_resource type="AnimationNodeAnimation" id="AnimationNodeAnimation_k2txo"]
animation = &"Jump_Idle"

[sub_resource type="AnimationNodeAnimation" id="AnimationNodeAnimation_mvyd6"]
animation = &"Jump_Land"

[sub_resource type="AnimationNodeAnimation" id="AnimationNodeAnimation_14u3r"]
animation = &"Jump_Start"

[sub_resource type="AnimationNodeStateMachineTransition" id="AnimationNodeStateMachineTransition_dp28g"]
advance_mode = 2

[sub_resource type="AnimationNodeStateMachineTransition" id="AnimationNodeStateMachineTransition_3cm67"]

[sub_resource type="AnimationNodeStateMachineTransition" id="AnimationNodeStateMachineTransition_w8y5l"]
switch_mode = 2
advance_mode = 2

[sub_resource type="AnimationNodeStateMachineTransition" id="AnimationNodeStateMachineTransition_nw3uw"]
advance_mode = 2
advance_condition = &"jumping"

[sub_resource type="AnimationNodeStateMachineTransition" id="AnimationNodeStateMachineTransition_4ok4f"]
switch_mode = 2
advance_mode = 2

[sub_resource type="AnimationNodeStateMachineTransition" id="AnimationNodeStateMachineTransition_c7bgd"]
xfade_time = 0.1

[sub_resource type="AnimationNodeStateMachineTransition" id="AnimationNodeStateMachineTransition_oi1vv"]
xfade_time = 0.1
switch_mode = 2
advance_mode = 2

[sub_resource type="AnimationNodeStateMachineTransition" id="AnimationNodeStateMachineTransition_06ia3"]
advance_mode = 2
advance_condition = &"grounded"

[sub_resource type="AnimationNodeStateMachineTransition" id="AnimationNodeStateMachineTransition_8a0iq"]

[sub_resource type="AnimationNodeStateMachineTransition" id="AnimationNodeStateMachineTransition_8ko4r"]
switch_mode = 2
advance_mode = 2

[sub_resource type="AnimationNodeStateMachineTransition" id="AnimationNodeStateMachineTransition_tpjby"]
advance_condition = &"dashing"

[sub_resource type="AnimationNodeStateMachineTransition" id="AnimationNodeStateMachineTransition_ouiji"]
xfade_time = 0.1
switch_mode = 2
advance_mode = 2

[sub_resource type="AnimationNodeStateMachine" id="AnimationNodeStateMachine_k2txo"]
states/Cheer/node = SubResource("AnimationNodeAnimation_3cm67")
states/Cheer/position = Vector2(620.333, 16)
states/Dash/node = SubResource("AnimationNodeAnimation_w8y5l")
states/Dash/position = Vector2(739, 106.667)
states/IWR/node = SubResource("AnimationNodeBlendSpace2D_swm0g")
states/IWR/position = Vector2(550.333, 107)
states/Interact/node = SubResource("AnimationNodeAnimation_swm0g")
states/Interact/position = Vector2(418, 19.3333)
states/Jump_Idle/node = SubResource("AnimationNodeAnimation_k2txo")
states/Jump_Idle/position = Vector2(560.667, 288.667)
states/Jump_Land/node = SubResource("AnimationNodeAnimation_mvyd6")
states/Jump_Land/position = Vector2(682.667, 207.55)
states/Jump_Start/node = SubResource("AnimationNodeAnimation_14u3r")
states/Jump_Start/position = Vector2(418.08, 207.624)
transitions = ["Start", "IWR", SubResource("AnimationNodeStateMachineTransition_dp28g"), "IWR", "Interact", SubResource("AnimationNodeStateMachineTransition_3cm67"), "Interact", "IWR", SubResource("AnimationNodeStateMachineTransition_w8y5l"), "IWR", "Jump_Start", SubResource("AnimationNodeStateMachineTransition_nw3uw"), "Jump_Start", "Jump_Idle", SubResource("AnimationNodeStateMachineTransition_4ok4f"), "IWR", "Jump_Idle", SubResource("AnimationNodeStateMachineTransition_c7bgd"), "Jump_Land", "IWR", SubResource("AnimationNodeStateMachineTransition_oi1vv"), "Jump_Idle", "Jump_Land", SubResource("AnimationNodeStateMachineTransition_06ia3"), "IWR", "Cheer", SubResource("AnimationNodeStateMachineTransition_8a0iq"), "Cheer", "IWR", SubResource("AnimationNodeStateMachineTransition_8ko4r"), "IWR", "Dash", SubResource("AnimationNodeStateMachineTransition_tpjby"), "Dash", "IWR", SubResource("AnimationNodeStateMachineTransition_ouiji")]
graph_offset = Vector2(179, -44)

[sub_resource type="CapsuleShape3D" id="CapsuleShape3D_qxgmm"]
height = 2.5

[node name="Knight" groups=["player"] instance=ExtResource("1_dp28g")]
collision_layer = 2
script = ExtResource("2_3i0j8")

[node name="Skeleton3D" parent="Rig" index="0"]
transform = Transform3D(-1, 0, 8.74228e-08, 0, 1, 0, -8.74228e-08, 0, -1, 0, 0, 0)
bones/0/rotation = Quaternion(-1.34764e-11, 0.000391729, 2.33417e-11, 1)
bones/1/position = Vector3(-6.47082e-19, 0.37877, -1.54276e-25)
bones/1/rotation = Quaternion(6.94535e-05, 0.0428271, -5.50766e-05, 0.999083)
bones/2/rotation = Quaternion(5.39811e-05, 0.00170263, 0.000148651, 0.999999)
bones/3/rotation = Quaternion(-6.25394e-06, -0.000120757, 0.000113143, 1)
bones/4/position = Vector3(0.211992, 0.134117, -3.24845e-05)
bones/4/rotation = Quaternion(-0.552551, -0.0642576, -0.656923, 0.508931)
bones/5/rotation = Quaternion(1.42679e-08, -4.4831e-08, -0.476475, 0.879188)
bones/7/rotation = Quaternion(-0.316435, -0.329807, 0.132298, 0.879541)
bones/8/position = Vector3(8.79423e-10, 0.0961252, -0.0575)
bones/8/rotation = Quaternion(0.00161641, 0.00171583, -0.70087, 0.713286)
bones/14/position = Vector3(-0.212048, 0.134119, 3.62779e-05)
bones/14/rotation = Quaternion(-0.612569, 0.0831884, 0.627935, 0.472798)
bones/15/rotation = Quaternion(1.93199e-08, 4.77029e-08, 0.50079, 0.865569)
bones/17/rotation = Quaternion(-0.313523, 0.305167, -0.213415, 0.873516)
bones/18/position = Vector3(-1.56235e-08, 0.0961251, -0.0575)
bones/18/rotation = Quaternion(0.00419456, 0.00507857, 0.702417, 0.711735)
bones/21/rotation = Quaternion(0.000207323, -0.0313529, 4.72988e-05, 0.999508)
bones/24/position = Vector3(0.170945, 0.113568, -3.15872e-05)
bones/24/rotation = Quaternion(0.991827, 0.0826684, 0.0763805, 0.0600988)
bones/25/rotation = Quaternion(0.326534, 5.88967e-08, -2.27273e-07, 0.945185)
bones/26/rotation = Quaternion(-0.586188, -0.203081, 0.0642261, 0.781676)
bones/27/rotation = Quaternion(-9.89562e-09, 0.920336, -0.39113, 7.82428e-08)
bones/28/position = Vector3(-0.170945, 0.113587, 3.12216e-05)
bones/28/rotation = Quaternion(0.99367, -0.0316808, 0.0300858, 0.103499)
bones/29/rotation = Quaternion(0.383894, -6.08331e-08, 2.68344e-07, 0.923377)
bones/30/rotation = Quaternion(-0.613835, 0.112606, -0.0177978, 0.781159)
bones/31/rotation = Quaternion(3.09235e-08, 0.919973, -0.391982, -6.98114e-08)
bones/32/position = Vector3(0.170945, 0.292337, 0.575839)
bones/32/rotation = Quaternion(0.707107, -2.2931e-07, -4.60473e-08, 0.707107)
bones/33/position = Vector3(0.201946, 0.0259878, 0.204255)
bones/33/rotation = Quaternion(-0.706645, -7.05774e-08, -7.04874e-08, 0.707568)
bones/34/position = Vector3(1.93456e-08, 0.362833, -2.42861e-15)
bones/34/rotation = Quaternion(9.57592e-09, 1.75893e-09, 0.985934, -0.167138)
bones/35/position = Vector3(-2.60382e-08, 0.213436, -5.06209e-09)
bones/35/rotation = Quaternion(-1.01299e-07, 0.391084, 0.920355, -3.34691e-08)
bones/36/position = Vector3(8.48851e-09, 0.16565, -2.35952e-09)
bones/37/rotation = Quaternion(1, -2.3246e-09, 1.99739e-07, 1.39177e-12)
bones/39/position = Vector3(-0.170945, 0.292337, 0.575839)
bones/39/rotation = Quaternion(0.707107, -3.82464e-08, 1.45017e-07, 0.707107)
bones/40/position = Vector3(-0.170945, 0.026039, 0.24517)
bones/40/rotation = Quaternion(-0.70479, -7.08113e-08, -7.02673e-08, 0.709416)
bones/41/position = Vector3(1.94581e-08, 0.362833, -5.06815e-11)
bones/41/rotation = Quaternion(-5.78658e-09, 6.38444e-10, 0.994887, 0.10099)
bones/42/position = Vector3(-1.11259e-08, 0.213436, 5.25292e-11)
bones/42/rotation = Quaternion(-1.05778e-07, 0.391084, 0.920355, -2.5891e-08)
bones/43/position = Vector3(-6.20991e-09, 0.16565, 2.5098e-09)
bones/44/rotation = Quaternion(1, 3.73807e-09, 1.9488e-07, 7.39433e-09)
bones/46/position = Vector3(0.453982, 1.10493, -0.590401)
bones/46/rotation = Quaternion(-0.707107, -9.23761e-05, -9.2376e-05, 0.707107)
bones/47/position = Vector3(0.520688, 0.768552, -0.057406)
bones/47/rotation = Quaternion(0.795432, 0.00264646, 0.606034, 0.00164667)
bones/48/position = Vector3(-0.453324, 1.10508, -0.591019)
bones/48/rotation = Quaternion(-0.707107, -9.23761e-05, -9.2376e-05, 0.707107)
bones/49/position = Vector3(-0.510864, 0.768631, 0.0608649)
bones/49/rotation = Quaternion(-0.760399, 0.00369311, 0.649443, -0.00180272)

[node name="1H_Sword_Offhand" parent="Rig/Skeleton3D" index="0"]
transform = Transform3D(-0.00120758, 0.263906, 0.964547, 0.999935, -0.0105481, 0.00413833, 0.0112665, 0.96449, -0.263876, 0.51214, 0.615505, -0.00295062)
visible = false

[node name="Badge_Shield" parent="Rig/Skeleton3D" index="1"]
transform = Transform3D(-0.00120756, 0.263906, 0.964547, 0.999935, -0.0105507, 0.00413899, 0.0112691, 0.96449, -0.263876, 0.662499, 0.61615, -0.0440851)
visible = false

[node name="Rectangle_Shield" parent="Rig/Skeleton3D" index="2"]
transform = Transform3D(-0.00120756, 0.263906, 0.964547, 0.999935, -0.0105507, 0.00413899, 0.0112691, 0.96449, -0.263876, 0.662499, 0.61615, -0.0440851)
visible = false

[node name="Round_Shield" parent="Rig/Skeleton3D" index="3"]
transform = Transform3D(-0.00120756, 0.263906, 0.964547, 0.999935, -0.0105507, 0.00413899, 0.0112691, 0.96449, -0.263876, 0.662499, 0.61615, -0.0440851)
visible = false

[node name="Spike_Shield" parent="Rig/Skeleton3D" index="4"]
transform = Transform3D(-0.00120756, 0.263906, 0.964547, 0.999935, -0.0105507, 0.00413899, 0.0112691, 0.96449, -0.263876, 0.662499, 0.61615, -0.0440851)
visible = false

[node name="1H_Sword" parent="Rig/Skeleton3D" index="5"]
transform = Transform3D(0.00145701, -0.163702, 0.986508, 0.999983, -0.00517329, -0.00233575, 0.00548622, 0.986496, 0.163692, -0.497681, 0.619833, 0.140088)
visible = false

[node name="2H_Sword" parent="Rig/Skeleton3D" index="6"]
transform = Transform3D(0.00145699, -0.163702, 0.986508, 0.999983, -0.00517331, -0.00233573, 0.00548624, 0.986496, 0.163692, -0.497681, 0.619833, 0.140088)
visible = false

[node name="Knight_Helmet" parent="Rig/Skeleton3D" index="7"]
transform = Transform3D(0.999638, -0.000467321, 0.0269085, 0.000485852, 1, -0.000682141, -0.0269081, 0.000694967, 0.999638, -0.000135973, 1.189, 0.000182292)

[node name="Knight_Cape" parent="Rig/Skeleton3D" index="8"]
transform = Transform3D(0.995986, -0.000397031, 0.0895076, 0.000420099, 1, -0.000238873, -0.0895075, 0.000275516, 0.995986, -0.000138254, 1.189, 0.000192983)

[node name="AnimationTree" type="AnimationTree" parent="." index="2"]
tree_root = SubResource("AnimationNodeStateMachine_k2txo")
anim_player = NodePath("../AnimationPlayer")
parameters/conditions/dashing = false
parameters/conditions/grounded = false
parameters/conditions/jumping = false
parameters/IWR/blend_position = Vector2(-0.000747919, -0.00680268)

[node name="CollisionShape3D" type="CollisionShape3D" parent="." index="3"]
transform = Transform3D(1, 0, 0, 0, 1, 0, 0, 0, 1, 0, 1.2, 0)
shape = SubResource("CapsuleShape3D_qxgmm")

[node name="SpringArm3D" type="SpringArm3D" parent="." index="4"]
transform = Transform3D(1, 0, 0, 0, 1, 0, 0, 0, 1, 0, 2.6, 0)
spring_length = 5.0
margin = 0.1

[node name="Camera3D" type="Camera3D" parent="SpringArm3D" index="0"]
